0.02458437718451023
0.003358871443197131
0.016026049852371216
0.045925021171569824
0.020015161484479904
0.03194179758429527
0.00351402023807168
0.052433934062719345
0.017967866733670235
0.9937064051628113
0.03141253441572189
0.010678417049348354
0.08077782392501831
0.28343260288238525
0.016530409455299377
0.05305863916873932
0.012719054706394672
0.006583659444004297
0.028464198112487793
0.005264312028884888
0.02110215090215206
0.01626347191631794
0.004508623853325844
0.15253213047981262
0.03167121112346649
0.024790827184915543
0.02767312526702881
0.2720568776130676
0.02288191206753254
0.03104223869740963
0.015358272939920425
0.010415438562631607
0.016916459426283836
0.02488984912633896
0.003713644575327635
0.004541369155049324
0.03579021245241165
0.9205397367477417
0.15620070695877075
0.027372660115361214
0.03556536138057709
0.014796837233006954
0.08201447874307632
0.0031113147269934416
0.007370624225586653
0.006492550019174814
0.10394130647182465
0.017185179516673088
0.04611406475305557
0.10896772891283035
0.3532920181751251
0.004749888554215431
0.11899493634700775
0.027546560391783714
0.02922075428068638
0.08952656388282776
0.04560130834579468
0.04695459082722664
0.02962108515202999
0.00465637631714344
0.006234773434698582
0.08532421290874481
0.03133084997534752
0.008877553977072239
0.012305125594139099
0.03271370381116867
0.004593333695083857
0.9735509753227234
0.9854480624198914
0.5646857619285583
0.6976662278175354
0.9957369565963745
0.8575254678726196
0.9935458302497864
0.9890531897544861
0.986806333065033
0.982269823551178
0.992622971534729
0.9786913394927979
0.6437328457832336
0.11304808408021927
0.3319021761417389
0.9743339419364929
0.9944215416908264
0.976444661617279
0.1426307111978531
0.23059584200382233
0.7402045726776123
0.9443759322166443
0.03904780000448227
0.8676883578300476
0.9630662202835083
0.9725314378738403
0.9777311682701111
0.41033506393432617
0.9673329591751099
0.46177995204925537
0.9946527481079102
0.991932213306427
0.31369033455848694
0.6155738234519958
0.9815186262130737
